Al,As,B,Co,Cu,Fe,Ga,Ge,Ni,P,S,Sb,Se,Sn,Te,Tl,Y,Zr,Poission
0.0,0.0,0.0,0.0,0.0,0.0,0.0,0.0,0.0,0.0,0.0,0.0,60.0,0.0,40.0,0.0,0.0,0.0,0.315
0.0,0.0,0.0,0.0,0.0,0.0,0.0,0.0,0.0,0.0,0.0,0.0,79.0,0.0,21.0,0.0,0.0,0.0,0.31278540000000005
0.0,0.0,0.0,0.0,0.0,0.0,0.0,0.0,0.0,0.0,0.0,0.0,83.0,0.0,17.0,0.0,0.0,0.0,0.32299999999999995
0.0,0.0,0.0,0.0,0.0,0.0,0.0,0.0,0.0,0.0,0.0,0.0,86.0,0.0,14.0,0.0,0.0,0.0,0.3100961
0.0,0.0,0.0,0.0,0.0,0.0,0.0,0.0,0.0,0.0,0.0,0.0,93.2,0.0,6.8,0.0,0.0,0.0,0.3110539
0.0,0.0,0.0,0.0,0.0,0.0,0.0,0.0,0.0,0.0,0.0,0.0,100.0,0.0,0.0,0.0,0.0,0.0,0.3247049272727273
0.0,0.0,0.0,0.0,0.0,0.0,0.0,0.0,0.0,0.0,0.0,10.0,90.0,0.0,0.0,0.0,0.0,0.0,0.302
0.0,0.0,0.0,0.0,0.0,0.0,0.0,0.0,0.0,0.0,0.0,33.0,67.0,0.0,0.0,0.0,0.0,0.0,0.251
0.0,0.0,0.0,0.0,0.0,0.0,0.0,0.0,0.0,5.0,0.0,0.0,95.0,0.0,0.0,0.0,0.0,0.0,0.34
0.0,0.0,0.0,0.0,0.0,0.0,0.0,0.0,0.0,6.0,0.0,0.0,53.99,0.0,40.01,0.0,0.0,0.0,0.297
0.0,0.0,0.0,0.0,0.0,0.0,0.0,0.0,0.0,7.0,0.0,0.0,63.03,0.0,29.97,0.0,0.0,0.0,0.301
0.0,0.0,0.0,0.0,0.0,0.0,0.0,0.0,0.0,8.0,0.0,0.0,72.0,0.0,20.0,0.0,0.0,0.0,0.31
0.0,0.0,0.0,0.0,0.0,0.0,0.0,0.0,0.0,9.0,0.0,0.0,81.01,0.0,9.99,0.0,0.0,0.0,0.313
0.0,0.0,0.0,0.0,0.0,0.0,0.0,0.0,0.0,10.0,0.0,0.0,90.0,0.0,0.0,0.0,0.0,0.0,0.315
0.0,0.0,0.0,0.0,0.0,0.0,0.0,0.0,0.0,11.43,0.0,0.0,68.57,0.0,20.0,0.0,0.0,0.0,0.302
0.0,0.0,0.0,0.0,0.0,0.0,0.0,0.0,0.0,12.0,0.0,0.0,48.02,0.0,39.98,0.0,0.0,0.0,0.294
0.0,0.0,0.0,0.0,0.0,0.0,0.0,0.0,0.0,14.01,0.0,0.0,56.02,0.0,29.97,0.0,0.0,0.0,0.295
0.0,0.0,0.0,0.0,0.0,0.0,0.0,0.0,0.0,15.0,0.0,0.0,85.0,0.0,0.0,0.0,0.0,0.0,0.33
0.0,0.0,0.0,0.0,0.0,0.0,0.0,0.0,0.0,16.0,0.0,0.0,64.0,0.0,20.0,0.0,0.0,0.0,0.307
0.0,0.0,0.0,0.0,0.0,0.0,0.0,0.0,0.0,17.15,0.0,0.0,42.88,0.0,39.97,0.0,0.0,0.0,0.301
0.0,0.0,0.0,0.0,0.0,0.0,0.0,0.0,0.0,18.02,0.0,0.0,72.07,0.0,9.91,0.0,0.0,0.0,0.32
0.0,0.0,0.0,0.0,0.0,0.0,0.0,0.0,0.0,20.0,0.0,0.0,50.0,0.0,30.0,0.0,0.0,0.0,0.301
0.0,0.0,0.0,0.0,0.0,0.0,0.0,0.0,0.0,20.0,0.0,0.0,80.0,0.0,0.0,0.0,0.0,0.0,0.322
0.0,0.0,0.0,0.0,0.0,0.0,0.0,0.0,0.0,22.88,0.0,0.0,57.21,0.0,19.91,0.0,0.0,0.0,0.299
0.0,0.0,0.0,0.0,0.0,0.0,0.0,0.0,0.0,25.64,0.0,0.0,64.1,0.0,10.26,0.0,0.0,0.0,0.313
0.0,0.0,0.0,0.0,0.0,0.0,0.0,0.0,0.0,28.01,0.0,0.0,42.02,0.0,29.97,0.0,0.0,0.0,0.318
0.0,0.0,0.0,0.0,0.0,0.0,0.0,0.0,0.0,28.57,0.0,0.0,71.43,0.0,0.0,0.0,0.0,0.0,0.318
0.0,0.0,0.0,0.0,0.0,0.0,0.0,0.0,0.0,28.6,0.0,0.0,71.4,0.0,0.0,0.0,0.0,0.0,0.35
0.0,0.0,0.0,0.0,0.0,0.0,0.0,0.0,0.0,31.95,0.0,0.0,47.92,0.0,20.13,0.0,0.0,0.0,0.325
0.0,0.0,0.0,0.0,0.0,0.0,0.0,0.0,0.0,35.0,0.0,0.0,65.0,0.0,0.0,0.0,0.0,0.0,0.33
0.0,0.0,0.0,0.0,0.0,0.0,0.0,0.0,0.0,35.97,0.0,0.0,53.96,0.0,10.07,0.0,0.0,0.0,0.327
0.0,0.0,0.0,0.0,0.0,0.0,0.0,0.0,0.0,38.02,0.0,0.0,57.03,0.0,4.94,0.0,0.0,0.0,0.32299999999999995
0.0,0.0,0.0,0.0,0.0,0.0,0.0,0.0,0.0,45.0,0.0,0.0,55.0,0.0,0.0,0.0,0.0,0.0,0.34
0.0,0.0,0.0,0.0,0.0,0.0,0.0,0.0,80.0,20.0,0.0,0.0,0.0,0.0,0.0,0.0,0.0,0.0,0.39399999999999996
0.0,0.0,0.0,0.0,0.0,0.0,0.0,2.5,0.0,0.0,0.0,0.0,97.5,0.0,0.0,0.0,0.0,0.0,0.33
0.0,0.0,0.0,0.0,0.0,0.0,0.0,3.3,0.0,0.0,0.0,3.3,56.0,0.0,37.4,0.0,0.0,0.0,0.304
0.0,0.0,0.0,0.0,0.0,0.0,0.0,3.3,0.0,0.0,0.0,3.3,93.4,0.0,0.0,0.0,0.0,0.0,0.322
0.0,0.0,0.0,0.0,0.0,0.0,0.0,3.75,0.0,0.0,0.0,0.0,96.25,0.0,0.0,0.0,0.0,0.0,0.325
0.0,0.0,0.0,0.0,0.0,0.0,0.0,4.0,0.0,0.0,0.0,0.0,96.0,0.0,0.0,0.0,0.0,0.0,0.226
0.0,0.0,0.0,0.0,0.0,0.0,0.0,4.76,0.0,9.52,0.0,0.0,85.71,0.0,0.0,0.0,0.0,0.0,0.33
0.0,0.0,0.0,0.0,0.0,0.0,0.0,5.0,0.0,0.0,0.0,0.0,95.0,0.0,0.0,0.0,0.0,0.0,0.31768658000000005
0.0,0.0,0.0,0.0,0.0,0.0,0.0,5.0,0.0,0.0,0.0,10.0,85.0,0.0,0.0,0.0,0.0,0.0,0.32
0.0,0.0,0.0,0.0,0.0,0.0,0.0,5.0,0.0,0.0,0.0,15.0,80.0,0.0,0.0,0.0,0.0,0.0,0.75788
0.0,0.0,0.0,0.0,0.0,0.0,0.0,5.0,0.0,0.0,0.0,20.0,75.0,0.0,0.0,0.0,0.0,0.0,0.6476274000000001
0.0,0.0,0.0,0.0,0.0,0.0,0.0,5.41,0.0,27.03,0.0,0.0,67.57,0.0,0.0,0.0,0.0,0.0,0.32
0.0,0.0,0.0,0.0,0.0,0.0,0.0,5.66,0.0,18.87,0.0,0.0,75.47,0.0,0.0,0.0,0.0,0.0,0.32
0.0,0.0,0.0,0.0,0.0,0.0,0.0,6.25,0.0,0.0,0.0,0.0,93.75,0.0,0.0,0.0,0.0,0.0,0.321
0.0,0.0,0.0,0.0,0.0,0.0,0.0,6.31,0.0,0.0,0.0,27.03,66.67,0.0,0.0,0.0,0.0,0.0,0.243
0.0,0.0,0.0,0.0,0.0,0.0,0.0,6.69,0.0,0.0,0.0,16.68,45.95,0.0,30.67,0.0,0.0,0.0,0.28300000000000003
0.0,0.0,0.0,0.0,0.0,0.0,0.0,6.69,0.0,0.0,0.0,16.68,76.62,0.0,0.0,0.0,0.0,0.0,0.28800000000000003
0.0,0.0,0.0,0.0,0.0,0.0,0.0,6.7,0.0,0.0,0.0,6.7,52.0,0.0,34.6,0.0,0.0,0.0,0.29100000000000004
0.0,0.0,0.0,0.0,0.0,0.0,0.0,6.7,0.0,0.0,0.0,6.7,86.59999999999998,0.0,0.0,0.0,0.0,0.0,0.312
0.0,0.0,0.0,0.0,0.0,0.0,0.0,6.7,0.0,0.0,0.0,6.7,86.6,0.0,0.0,0.0,0.0,0.0,0.312
0.0,0.0,0.0,0.0,0.0,0.0,0.0,6.7,0.0,0.0,0.0,26.7,66.6,0.0,0.0,0.0,0.0,0.0,0.267
0.0,0.0,0.0,0.0,0.0,0.0,0.0,7.5,0.0,0.0,0.0,0.0,92.5,0.0,0.0,0.0,0.0,0.0,0.32
0.0,0.0,0.0,0.0,0.0,0.0,0.0,7.5,0.0,0.0,0.0,10.0,82.5,0.0,0.0,0.0,0.0,0.0,0.6295026
0.0,0.0,0.0,0.0,0.0,0.0,0.0,7.5,0.0,0.0,0.0,15.0,77.5,0.0,0.0,0.0,0.0,0.0,0.6656191999999999
0.0,0.0,0.0,0.0,0.0,0.0,0.0,7.5,0.0,0.0,0.0,20.0,72.5,0.0,0.0,0.0,0.0,0.0,0.6153739
0.0,0.0,0.0,0.0,0.0,0.0,0.0,8.0,0.0,0.0,0.0,0.0,92.0,0.0,0.0,0.0,0.0,0.0,0.231
0.0,0.0,0.0,0.0,0.0,0.0,0.0,8.57,0.0,0.0,0.0,5.11,61.14,0.0,25.18,0.0,0.0,0.0,0.29100000000000004
0.0,0.0,0.0,0.0,0.0,0.0,0.0,9.0,0.0,0.0,0.0,0.0,91.0,0.0,0.0,0.0,0.0,0.0,0.318
0.0,0.0,0.0,0.0,0.0,0.0,0.0,9.91,0.0,9.01,0.0,0.0,81.08,0.0,0.0,0.0,0.0,0.0,0.31
0.0,0.0,0.0,0.0,0.0,0.0,0.0,10.0,0.0,0.0,0.0,0.0,54.0,0.0,36.0,0.0,0.0,0.0,0.294
0.0,0.0,0.0,0.0,0.0,0.0,0.0,10.0,0.0,0.0,0.0,0.0,75.0,0.0,15.0,0.0,0.0,0.0,0.307
0.0,0.0,0.0,0.0,0.0,0.0,0.0,10.0,0.0,0.0,0.0,0.0,90.0,0.0,0.0,0.0,0.0,0.0,0.3119069
0.0,0.0,0.0,0.0,0.0,0.0,0.0,10.0,0.0,0.0,0.0,3.0,77.0,0.0,10.0,0.0,0.0,0.0,0.22699999999999998
0.0,0.0,0.0,0.0,0.0,0.0,0.0,10.0,0.0,0.0,0.0,5.0,85.0,0.0,0.0,0.0,0.0,0.0,0.318
0.0,0.0,0.0,0.0,0.0,0.0,0.0,10.0,0.0,0.0,0.0,6.0,74.0,0.0,10.0,0.0,0.0,0.0,0.237
0.0,0.0,0.0,0.0,0.0,0.0,0.0,10.0,0.0,0.0,0.0,10.0,48.0,0.0,32.0,0.0,0.0,0.0,0.306
0.0,0.0,0.0,0.0,0.0,0.0,0.0,10.0,0.0,0.0,0.0,12.0,68.0,0.0,10.0,0.0,0.0,0.0,0.258
0.0,0.0,0.0,0.0,0.0,0.0,0.0,10.71,0.0,17.86,0.0,0.0,71.43,0.0,0.0,0.0,0.0,0.0,0.31
0.0,0.0,0.0,0.0,0.0,0.0,0.0,12.0,0.0,0.0,0.0,0.0,88.0,0.0,0.0,0.0,0.0,0.0,0.228
0.0,0.0,0.0,0.0,0.0,0.0,0.0,12.31,0.0,0.0,0.0,21.02,66.67,0.0,0.0,0.0,0.0,0.0,0.251
0.0,0.0,0.0,0.0,0.0,0.0,0.0,12.5,0.0,0.0,0.0,0.0,87.5,0.0,0.0,0.0,0.0,0.0,0.31
0.0,0.0,0.0,0.0,0.0,0.0,0.0,12.5,0.0,0.0,0.0,10.0,77.5,0.0,0.0,0.0,0.0,0.0,0.5383460999999999
0.0,0.0,0.0,0.0,0.0,0.0,0.0,12.5,0.0,0.0,0.0,15.0,72.5,0.0,0.0,0.0,0.0,0.0,0.6006739000000001
0.0,0.0,0.0,0.0,0.0,0.0,0.0,12.5,0.0,0.0,0.0,20.0,67.5,0.0,0.0,0.0,0.0,0.0,0.6104096999999999
0.0,0.0,0.0,0.0,0.0,0.0,0.0,12.5,0.0,0.0,0.0,25.0,62.5,0.0,0.0,0.0,0.0,0.0,0.29100000000000004
0.0,0.0,0.0,0.0,0.0,0.0,0.0,13.29,0.0,0.0,0.0,3.3,50.05,0.0,33.37,0.0,0.0,0.0,0.285
0.0,0.0,0.0,0.0,0.0,0.0,0.0,13.29,0.0,0.0,0.0,3.3,83.42,0.0,0.0,0.0,0.0,0.0,0.298
0.0,0.0,0.0,0.0,0.0,0.0,0.0,13.3,0.0,0.0,0.0,13.3,44.0,0.0,29.4,0.0,0.0,0.0,0.28
0.0,0.0,0.0,0.0,0.0,0.0,0.0,13.3,0.0,0.0,0.0,13.3,73.4,0.0,0.0,0.0,0.0,0.0,0.281
0.0,0.0,0.0,0.0,0.0,0.0,0.0,13.3,0.0,0.0,0.0,23.3,63.4,0.0,0.0,0.0,0.0,0.0,0.26899999999999996
0.0,0.0,0.0,0.0,0.0,0.0,0.0,14.0,0.0,0.0,0.0,0.0,86.0,0.0,0.0,0.0,0.0,0.0,0.306
0.0,0.0,0.0,0.0,0.0,0.0,0.0,15.0,0.0,0.0,0.0,0.0,0.0,0.0,85.0,0.0,0.0,0.0,0.23
0.0,0.0,0.0,0.0,0.0,0.0,0.0,15.0,0.0,0.0,0.0,0.0,51.0,0.0,34.0,0.0,0.0,0.0,0.29
0.0,0.0,0.0,0.0,0.0,0.0,0.0,15.0,0.0,0.0,0.0,0.0,85.0,0.0,0.0,0.0,0.0,0.0,0.30013225
0.0,0.0,0.0,0.0,0.0,0.0,0.0,15.0,0.0,0.0,0.0,5.0,80.0,0.0,0.0,0.0,0.0,0.0,0.318
0.0,0.0,0.0,0.0,0.0,0.0,0.0,15.0,0.0,0.0,0.0,10.0,75.0,0.0,0.0,0.0,0.0,0.0,0.308
0.0,0.0,0.0,0.0,0.0,0.0,0.0,15.0,0.0,0.0,0.0,22.0,63.0,0.0,0.0,0.0,0.0,0.0,0.28
0.0,0.0,0.0,0.0,0.0,0.0,0.0,15.25,0.0,8.47,0.0,0.0,76.27,0.0,0.0,0.0,0.0,0.0,0.31
0.0,0.0,0.0,0.0,0.0,0.0,0.0,15.25,0.0,16.95,0.0,0.0,67.8,0.0,0.0,0.0,0.0,0.0,0.31
0.0,0.0,0.0,0.0,0.0,0.0,0.0,16.0,0.0,0.0,0.0,0.0,84.0,0.0,0.0,0.0,0.0,0.0,0.22699999999999998
0.0,0.0,0.0,0.0,0.0,0.0,0.0,16.5,0.0,0.0,0.0,0.0,83.5,0.0,0.0,0.0,0.0,0.0,0.304
0.0,0.0,0.0,0.0,0.0,0.0,0.0,16.666666666666668,0.0,0.0,63.333333333333336,20.0,0.0,0.0,0.0,0.0,0.0,0.0,0.285
0.0,0.0,0.0,0.0,0.0,0.0,0.0,16.67,0.0,0.0,0.0,0.0,83.33,0.0,0.0,0.0,0.0,0.0,0.23199999999999998
0.0,0.0,0.0,0.0,0.0,0.0,0.0,16.67,0.0,0.0,0.0,20.0,63.33,0.0,0.0,0.0,0.0,0.0,0.29600000000000004
0.0,0.0,0.0,0.0,0.0,0.0,0.0,16.67,0.0,0.0,83.33,0.0,0.0,0.0,0.0,0.0,0.0,0.0,0.22399999999999998
0.0,0.0,0.0,0.0,0.0,0.0,0.0,16.68,0.0,0.0,0.0,6.69,45.95,0.0,30.67,0.0,0.0,0.0,0.278
0.0,0.0,0.0,0.0,0.0,0.0,0.0,16.68,0.0,0.0,0.0,6.69,76.62,0.0,0.0,0.0,0.0,0.0,0.268
0.0,0.0,0.0,0.0,0.0,0.0,0.0,16.68,0.0,0.0,0.0,16.68,66.63,0.0,0.0,0.0,0.0,0.0,0.273
0.0,0.0,0.0,0.0,0.0,0.0,0.0,16.72,0.0,0.0,0.0,26.63,56.66,0.0,0.0,0.0,0.0,0.0,0.257
0.0,0.0,0.0,0.0,0.0,0.0,0.0,17.0,0.0,0.0,83.0,0.0,0.0,0.0,0.0,0.0,0.0,0.0,0.171
0.0,0.0,0.0,0.0,0.0,0.0,0.0,17.5,0.0,0.0,0.0,0.0,82.5,0.0,0.0,0.0,0.0,0.0,0.305
0.0,0.0,0.0,0.0,0.0,0.0,0.0,17.5,0.0,0.0,0.0,7.5,75.0,0.0,0.0,0.0,0.0,0.0,0.27899999999999997
0.0,0.0,0.0,0.0,0.0,0.0,0.0,17.5,0.0,0.0,0.0,10.0,72.5,0.0,0.0,0.0,0.0,0.0,0.544638
0.0,0.0,0.0,0.0,0.0,0.0,0.0,17.5,0.0,0.0,0.0,15.0,67.5,0.0,0.0,0.0,0.0,0.0,0.6139745
0.0,0.0,0.0,0.0,0.0,0.0,0.0,17.5,0.0,0.0,0.0,20.0,62.5,0.0,0.0,0.0,0.0,0.0,0.6379203
0.0,0.0,0.0,0.0,0.0,0.0,0.0,18.0,0.0,0.0,0.0,0.0,82.0,0.0,0.0,0.0,0.0,0.0,0.7269076999999999
0.0,0.0,0.0,0.0,0.0,0.0,0.0,18.2,0.0,0.0,0.0,18.2,63.6,0.0,0.0,0.0,0.0,0.0,0.27699999999999997
0.0,0.0,0.0,0.0,0.0,0.0,0.0,18.24,0.0,0.0,0.0,18.24,63.53,0.0,0.0,0.0,0.0,0.0,0.27699999999999997
0.0,0.0,0.0,0.0,0.0,0.0,0.0,18.3,0.0,0.0,0.0,4.38,77.31999999999998,0.0,0.0,0.0,0.0,0.0,0.268
0.0,0.0,0.0,0.0,0.0,0.0,0.0,18.75,0.0,0.0,0.0,17.5,63.75,0.0,0.0,0.0,0.0,0.0,0.5407553
0.0,0.0,0.0,0.0,0.0,0.0,0.0,19.84,0.0,0.0,0.0,13.45,66.71,0.0,0.0,0.0,0.0,0.0,0.249
0.0,0.0,0.0,0.0,0.0,0.0,0.0,20.0,0.0,0.0,0.0,0.0,0.0,0.0,80.0,0.0,0.0,0.0,0.212
0.0,0.0,0.0,0.0,0.0,0.0,0.0,20.0,0.0,0.0,0.0,0.0,48.0,0.0,32.0,0.0,0.0,0.0,0.28300000000000003
0.0,0.0,0.0,0.0,0.0,0.0,0.0,20.0,0.0,0.0,0.0,0.0,66.7,0.0,13.3,0.0,0.0,0.0,0.29600000000000004
0.0,0.0,0.0,0.0,0.0,0.0,0.0,20.0,0.0,0.0,0.0,0.0,80.0,0.0,0.0,0.0,0.0,0.0,0.29000000000000004
0.0,0.0,0.0,0.0,0.0,0.0,0.0,20.0,0.0,0.0,0.0,10.0,70.0,0.0,0.0,0.0,0.0,0.0,0.293
0.0,0.0,0.0,0.0,0.0,0.0,0.0,20.0,0.0,0.0,0.0,15.0,65.0,0.0,0.0,0.0,0.0,0.0,0.5893694
0.0,0.0,0.0,0.0,0.0,0.0,0.0,20.0,0.0,0.0,0.0,16.0,64.0,0.0,0.0,0.0,0.0,0.0,0.28600000000000003
0.0,0.0,0.0,0.0,0.0,0.0,0.0,20.0,0.0,0.0,64.0,16.0,0.0,0.0,0.0,0.0,0.0,0.0,0.278
0.0,0.0,0.0,0.0,0.0,0.0,0.0,20.0,0.0,0.0,80.0,0.0,0.0,0.0,0.0,0.0,0.0,0.0,0.209
0.0,0.0,0.0,0.0,0.0,0.0,0.0,20.0,0.0,8.0,0.0,0.0,72.0,0.0,0.0,0.0,0.0,0.0,0.31
0.0,0.0,0.0,0.0,0.0,0.0,0.0,20.0,0.0,16.0,0.0,0.0,64.0,0.0,0.0,0.0,0.0,0.0,0.3
0.0,0.0,0.0,0.0,0.0,0.0,0.0,20.84,0.0,0.0,0.0,15.0,64.16,0.0,0.0,0.0,0.0,0.0,0.297
0.0,0.0,0.0,0.0,0.0,0.0,0.0,21.0,0.0,0.0,0.0,9.0,70.0,0.0,0.0,0.0,0.0,0.0,0.278
0.0,0.0,0.0,0.0,0.0,0.0,0.0,22.0,0.0,0.0,0.0,0.0,64.7,0.0,13.3,0.0,0.0,0.0,0.29100000000000004
0.0,0.0,0.0,0.0,0.0,0.0,0.0,22.0,0.0,0.0,0.0,14.0,64.0,0.0,0.0,0.0,0.0,0.0,0.2866666
0.0,0.0,0.0,0.0,0.0,0.0,0.0,22.0,0.0,0.0,0.0,18.0,60.0,0.0,0.0,0.0,0.0,0.0,0.24
0.0,0.0,0.0,0.0,0.0,0.0,0.0,22.5,0.0,0.0,0.0,10.0,67.5,0.0,0.0,0.0,0.0,0.0,0.5940635999999999
0.0,0.0,0.0,0.0,0.0,0.0,0.0,22.5,0.0,0.0,0.0,15.0,62.5,0.0,0.0,0.0,0.0,0.0,0.5898151
0.0,0.0,0.0,0.0,0.0,0.0,0.0,22.5,0.0,0.0,0.0,20.0,57.5,0.0,0.0,0.0,0.0,0.0,0.43486729999999996
0.0,0.0,0.0,0.0,0.0,0.0,0.0,23.0,0.0,0.0,0.0,12.0,65.0,0.0,0.0,0.0,0.0,0.0,0.2945205
0.0,0.0,0.0,0.0,0.0,0.0,0.0,23.0,0.0,0.0,65.0,12.0,0.0,0.0,0.0,0.0,0.0,0.0,0.27399999999999997
0.0,0.0,0.0,0.0,0.0,0.0,0.0,23.23,0.0,0.0,0.0,13.26,63.51,0.0,0.0,0.0,0.0,0.0,0.271
0.0,0.0,0.0,0.0,0.0,0.0,0.0,23.32,0.0,0.0,0.0,3.3,73.37,0.0,0.0,0.0,0.0,0.0,0.29
0.0,0.0,0.0,0.0,0.0,0.0,0.0,23.333333333333332,0.0,0.0,64.66666666666666,12.0,0.0,0.0,0.0,0.0,0.0,0.0,0.28300000000000003
0.0,0.0,0.0,0.0,0.0,0.0,0.0,25.0,0.0,0.0,0.0,0.0,75.0,0.0,0.0,0.0,0.0,0.0,0.27819227500000004
0.0,0.0,0.0,0.0,0.0,0.0,0.0,25.0,0.0,0.0,0.0,10.0,65.0,0.0,0.0,0.0,0.0,0.0,0.2896666666666667
0.0,0.0,0.0,0.0,0.0,0.0,0.0,25.0,0.0,0.0,0.0,20.0,55.0,0.0,0.0,0.0,0.0,0.0,0.3834951
0.0,0.0,0.0,0.0,0.0,0.0,0.0,26.0,0.0,0.0,0.0,9.0,65.0,0.0,0.0,0.0,0.0,0.0,0.2986112
0.0,0.0,0.0,0.0,0.0,0.0,0.0,26.0,0.0,0.0,66.0,8.0,0.0,0.0,0.0,0.0,0.0,0.0,0.22699999999999998
0.0,0.0,0.0,0.0,0.0,0.0,0.0,26.46,0.0,0.0,0.0,6.91,66.63,0.0,0.0,0.0,0.0,0.0,0.255
0.0,0.0,0.0,0.0,0.0,0.0,0.0,26.666666666666668,0.0,0.0,65.33333333333334,8.0,0.0,0.0,0.0,0.0,0.0,0.0,0.226
0.0,0.0,0.0,0.0,0.0,0.0,0.0,26.67,0.0,0.0,0.0,6.69,66.63,0.0,0.0,0.0,0.0,0.0,0.263
0.0,0.0,0.0,0.0,0.0,0.0,0.0,27.5,0.0,0.0,0.0,10.0,62.5,0.0,0.0,0.0,0.0,0.0,0.32095490000000004
0.0,0.0,0.0,0.0,0.0,0.0,0.0,28.0,0.0,0.0,0.0,0.0,72.0,0.0,0.0,0.0,0.0,0.0,0.514658
0.0,0.0,0.0,0.0,0.0,0.0,0.0,28.0,0.0,0.0,0.0,6.0,66.0,0.0,0.0,0.0,0.0,0.0,0.29577459999999994
0.0,0.0,0.0,0.0,0.0,0.0,0.0,28.0,0.0,0.0,0.0,12.0,60.0,0.0,0.0,0.0,0.0,0.0,0.26333333333333336
0.0,0.0,0.0,0.0,0.0,0.0,0.0,29.0,0.0,0.0,0.0,0.0,71.0,0.0,0.0,0.0,0.0,0.0,0.233
0.0,0.0,0.0,0.0,0.0,0.0,0.0,30.0,0.0,0.0,0.0,0.0,70.0,0.0,0.0,0.0,0.0,0.0,0.2619535625
0.0,0.0,0.0,0.0,0.0,0.0,0.0,30.0,0.0,0.0,0.0,10.0,60.0,0.0,0.0,0.0,0.0,0.0,0.275
0.0,0.0,0.0,0.0,0.0,0.0,0.0,30.0,0.0,0.0,70.0,0.0,0.0,0.0,0.0,0.0,0.0,0.0,0.171
0.0,0.0,0.0,0.0,0.0,0.0,0.0,30.77,0.0,0.0,69.23,0.0,0.0,0.0,0.0,0.0,0.0,0.0,0.20199999999999999
0.0,0.0,0.0,0.0,0.0,0.0,0.0,31.0,0.0,0.0,0.0,0.0,69.0,0.0,0.0,0.0,0.0,0.0,0.21600000000000003
0.0,0.0,0.0,0.0,0.0,0.0,0.0,32.0,0.0,0.0,0.0,8.0,60.0,0.0,0.0,0.0,0.0,0.0,0.24
0.0,0.0,0.0,0.0,0.0,0.0,0.0,32.0,0.0,0.0,0.0,10.0,58.0,0.0,0.0,0.0,0.0,0.0,0.27280269999999995
0.0,0.0,0.0,0.0,0.0,0.0,0.0,32.0,0.0,0.0,66.0,2.0,0.0,0.0,0.0,0.0,0.0,0.0,0.20600000000000002
0.0,0.0,0.0,0.0,0.0,0.0,0.0,32.0,0.0,0.0,66.4,1.6,0.0,0.0,0.0,0.0,0.0,0.0,0.20600000000000002
0.0,0.0,0.0,0.0,0.0,0.0,0.0,32.5,0.0,0.0,0.0,10.0,57.5,0.0,0.0,0.0,0.0,0.0,0.2888889
0.0,0.0,0.0,0.0,0.0,0.0,0.0,33.0,0.0,0.0,67.0,0.0,0.0,0.0,0.0,0.0,0.0,0.0,0.149
0.0,0.0,0.0,0.0,0.0,0.0,0.0,33.3,0.0,0.0,0.0,0.0,66.7,0.0,0.0,0.0,0.0,0.0,0.278
0.0,0.0,0.0,0.0,0.0,0.0,0.0,33.3,0.0,0.0,66.7,0.0,0.0,0.0,0.0,0.0,0.0,0.0,0.24
0.0,0.0,0.0,0.0,0.0,0.0,0.0,33.33,0.0,0.0,0.0,0.0,66.67,0.0,0.0,0.0,0.0,0.0,0.244
0.0,0.0,0.0,0.0,0.0,0.0,0.0,33.333333333333336,0.0,0.0,66.66666666666667,0.0,0.0,0.0,0.0,0.0,0.0,0.0,0.149
0.0,0.0,0.0,0.0,0.0,0.0,0.0,33.6,0.0,0.0,0.0,0.0,66.4,0.0,0.0,0.0,0.0,0.0,0.251
0.0,0.0,0.0,0.0,0.0,0.0,0.0,36.0,0.0,0.0,0.0,0.0,64.0,0.0,0.0,0.0,0.0,0.0,0.266
0.0,0.0,0.0,0.0,0.0,0.0,0.0,36.0,0.0,0.0,64.0,0.0,0.0,0.0,0.0,0.0,0.0,0.0,0.17
0.0,0.0,0.0,0.0,0.0,0.0,0.0,36.1,0.0,0.0,63.9,0.0,0.0,0.0,0.0,0.0,0.0,0.0,0.268
0.0,0.0,0.0,0.0,0.0,0.0,0.0,37.04,0.0,0.0,62.96,0.0,0.0,0.0,0.0,0.0,0.0,0.0,0.201
0.0,0.0,0.0,0.0,0.0,0.0,0.0,38.0,0.0,0.0,0.0,0.0,62.0,0.0,0.0,0.0,0.0,0.0,0.258
0.0,0.0,0.0,0.0,0.0,0.0,0.0,40.0,0.0,0.0,0.0,0.0,60.0,0.0,0.0,0.0,0.0,0.0,0.27
0.0,0.0,0.0,0.0,0.0,0.0,0.0,42.0,0.0,0.0,0.0,0.0,58.0,0.0,0.0,0.0,0.0,0.0,0.249
0.0,0.0,0.0,0.0,0.0,0.0,5.0,25.0,0.0,0.0,0.0,10.0,60.0,0.0,0.0,0.0,0.0,0.0,0.261
0.0,0.0,0.0,0.0,0.0,0.0,10.0,25.0,0.0,0.0,65.0,0.0,0.0,0.0,0.0,0.0,0.0,0.0,0.259
0.0,0.0,0.0,0.0,0.0,0.0,12.0,23.333333333333332,0.0,0.0,0.0,0.0,64.66666666666666,0.0,0.0,0.0,0.0,0.0,0.263
0.0,0.0,0.0,0.0,0.0,0.0,15.0,10.0,0.0,0.0,0.0,0.0,0.0,0.0,75.0,0.0,0.0,0.0,0.24
0.0,0.0,0.0,0.0,50.0,0.0,0.0,0.0,0.0,0.0,0.0,0.0,0.0,0.0,0.0,0.0,0.0,50.0,0.36
0.0,0.0,0.0,0.0,68.0,0.0,0.0,0.0,0.0,0.0,0.0,0.0,0.0,0.0,0.0,0.0,0.0,32.0,0.4
0.0,0.0,15.0,0.0,0.0,85.0,0.0,0.0,0.0,0.0,0.0,0.0,0.0,0.0,0.0,0.0,0.0,0.0,0.27
0.0,0.0,17.0,0.0,0.0,83.0,0.0,0.0,0.0,0.0,0.0,0.0,0.0,0.0,0.0,0.0,0.0,0.0,0.28
0.0,0.0,20.0,0.0,0.0,30.0,0.0,0.0,50.0,0.0,0.0,0.0,0.0,0.0,0.0,0.0,0.0,0.0,0.33399999999999996
0.0,0.0,20.0,0.0,0.0,40.0,0.0,0.0,40.0,0.0,0.0,0.0,0.0,0.0,0.0,0.0,0.0,0.0,0.341
0.0,0.0,20.0,0.0,0.0,50.0,0.0,0.0,30.0,0.0,0.0,0.0,0.0,0.0,0.0,0.0,0.0,0.0,0.349
0.0,0.0,20.0,0.0,0.0,60.0,0.0,0.0,20.0,0.0,0.0,0.0,0.0,0.0,0.0,0.0,0.0,0.0,0.365
0.0,0.0,20.0,0.0,0.0,70.0,0.0,0.0,10.0,0.0,0.0,0.0,0.0,0.0,0.0,0.0,0.0,0.0,0.364
0.0,0.0,20.0,0.0,0.0,75.0,0.0,0.0,5.0,0.0,0.0,0.0,0.0,0.0,0.0,0.0,0.0,0.0,0.335
0.0,0.0,20.0,0.0,0.0,80.0,0.0,0.0,0.0,0.0,0.0,0.0,0.0,0.0,0.0,0.0,0.0,0.0,0.305
0.0,0.0,20.0,20.0,0.0,60.0,0.0,0.0,0.0,0.0,0.0,0.0,0.0,0.0,0.0,0.0,0.0,0.0,0.325
0.0,0.0,20.0,40.0,0.0,40.0,0.0,0.0,0.0,0.0,0.0,0.0,0.0,0.0,0.0,0.0,0.0,0.0,0.34
0.0,0.0,20.0,60.0,0.0,20.0,0.0,0.0,0.0,0.0,0.0,0.0,0.0,0.0,0.0,0.0,0.0,0.0,0.325
0.0,0.0,20.0,74.0,0.0,6.0,0.0,0.0,0.0,0.0,0.0,0.0,0.0,0.0,0.0,0.0,0.0,0.0,0.32
0.0,0.0,23.0,0.0,0.0,77.0,0.0,0.0,0.0,0.0,0.0,0.0,0.0,0.0,0.0,0.0,0.0,0.0,0.32
0.0,1.1,0.0,0.0,0.0,0.0,0.0,3.3,0.0,0.0,0.0,2.2,77.79999999999998,0.0,15.6,0.0,0.0,0.0,0.319
0.0,1.1,0.0,0.0,0.0,0.0,0.0,3.3,0.0,0.0,0.0,2.2,77.8,0.0,15.6,0.0,0.0,0.0,0.319
0.0,1.1,0.0,0.0,0.0,0.0,0.0,13.31,0.0,0.0,0.0,2.2,69.47,0.0,13.91,0.0,0.0,0.0,0.312
0.0,2.2,0.0,0.0,0.0,0.0,0.0,6.7,0.0,0.0,0.0,4.5,72.2,0.0,14.4,0.0,0.0,0.0,0.314
0.0,2.2,0.0,0.0,0.0,0.0,0.0,16.68,0.0,0.0,0.0,4.5,63.84,0.0,12.79,0.0,0.0,0.0,0.29
0.0,3.0,0.0,0.0,0.0,0.0,0.0,37.0,0.0,0.0,0.0,0.0,60.0,0.0,0.0,0.0,0.0,0.0,0.27
0.0,3.0,0.0,0.0,0.0,0.0,0.0,37.0,0.0,0.0,60.0,0.0,0.0,0.0,0.0,0.0,0.0,0.0,0.244
0.0,3.3,0.0,0.0,0.0,0.0,0.0,0.0,0.0,0.0,0.0,6.7,75.0,0.0,15.0,0.0,0.0,0.0,0.322
0.0,3.3,0.0,0.0,0.0,0.0,0.0,10.0,0.0,0.0,0.0,6.7,66.7,0.0,13.3,0.0,0.0,0.0,0.29600000000000004
0.0,3.3,0.0,0.0,0.0,0.0,0.0,20.0,0.0,0.0,0.0,6.7,58.3,0.0,11.7,0.0,0.0,0.0,0.295
0.0,4.0,0.0,0.0,0.0,0.0,0.0,36.0,0.0,0.0,60.0,0.0,0.0,0.0,0.0,0.0,0.0,0.0,0.25
0.0,4.39,0.0,0.0,0.0,0.0,0.0,23.23,0.0,0.0,0.0,8.87,52.84,0.0,10.67,0.0,0.0,0.0,0.272
0.0,4.4,0.0,0.0,0.0,0.0,0.0,13.3,0.0,0.0,0.0,8.9,61.1,0.0,12.3,0.0,0.0,0.0,0.282
0.0,4.41,0.0,0.0,0.0,0.0,0.0,3.31,0.0,0.0,0.0,8.82,69.54,0.0,13.93,0.0,0.0,0.0,0.309
0.0,5.0,0.0,0.0,0.0,0.0,0.0,0.0,0.0,0.0,0.0,0.0,95.0,0.0,0.0,0.0,0.0,0.0,0.32783333333333337
0.0,5.0,0.0,0.0,0.0,0.0,0.0,5.0,0.0,0.0,0.0,0.0,90.0,0.0,0.0,0.0,0.0,0.0,0.318
0.0,5.0,0.0,0.0,0.0,0.0,0.0,20.0,0.0,0.0,0.0,0.0,75.0,0.0,0.0,0.0,0.0,0.0,0.3
0.0,5.59,0.0,0.0,0.0,0.0,0.0,6.69,0.0,0.0,0.0,11.09,63.84,0.0,12.79,0.0,0.0,0.0,0.289
0.0,5.59,0.0,0.0,0.0,0.0,0.0,16.68,0.0,0.0,0.0,11.09,55.54,0.0,11.09,0.0,0.0,0.0,0.28600000000000003
0.0,5.61,0.0,0.0,0.0,0.0,0.0,26.63,0.0,0.0,0.0,11.11,47.25,0.0,9.41,0.0,0.0,0.0,0.249
0.0,6.1,0.0,0.0,0.0,0.0,0.0,18.2,0.0,0.0,0.0,12.1,53.0,0.0,10.6,0.0,0.0,0.0,0.27399999999999997
0.0,6.7,0.0,0.0,0.0,0.0,0.0,10.0,0.0,0.0,0.0,13.3,58.3,0.0,11.7,0.0,0.0,0.0,0.284
0.0,6.7,0.0,0.0,0.0,0.0,0.0,20.0,0.0,0.0,0.0,13.3,50.0,0.0,10.0,0.0,0.0,0.0,0.27899999999999997
0.0,7.5,0.0,0.0,0.0,0.0,0.0,27.5,0.0,0.0,65.0,0.0,0.0,0.0,0.0,0.0,0.0,0.0,0.27
0.0,7.72,0.0,0.0,0.0,0.0,0.0,3.31,0.0,0.0,0.0,15.53,61.22,0.0,12.22,0.0,0.0,0.0,0.293
0.0,7.8,0.0,0.0,0.0,0.0,0.0,13.3,0.0,0.0,0.0,15.5,52.8,0.0,10.6,0.0,0.0,0.0,0.27699999999999997
0.0,8.0,0.0,0.0,0.0,0.0,0.0,0.0,0.0,0.0,0.0,0.0,12.0,0.0,80.0,0.0,0.0,0.0,0.28600000000000003
0.0,8.0,0.0,0.0,0.0,0.0,0.0,0.0,0.0,0.0,80.0,0.0,12.0,0.0,0.0,0.0,0.0,0.0,0.28600000000000003
0.0,8.0,0.0,0.0,0.0,0.0,0.0,26.0,0.0,0.0,66.0,0.0,0.0,0.0,0.0,0.0,0.0,0.0,0.17800000000000002
0.0,8.0,0.0,0.0,0.0,0.0,0.0,26.7,0.0,0.0,65.3,0.0,0.0,0.0,0.0,0.0,0.0,0.0,0.175
0.0,8.9,0.0,0.0,0.0,0.0,0.0,6.7,0.0,0.0,0.0,17.8,55.5,0.0,11.1,0.0,0.0,0.0,0.284
0.0,8.91,0.0,0.0,0.0,0.0,0.0,16.72,0.0,0.0,0.0,17.72,47.25,0.0,9.41,0.0,0.0,0.0,0.251
0.0,10.0,0.0,0.0,0.0,0.0,0.0,0.0,0.0,0.0,0.0,0.0,90.0,0.0,0.0,0.0,0.0,0.0,0.3306
0.0,10.0,0.0,0.0,0.0,0.0,0.0,0.0,0.0,0.0,40.0,0.0,0.0,0.0,0.0,50.0,0.0,0.0,0.344
0.0,10.0,0.0,0.0,0.0,0.0,0.0,0.0,0.0,0.0,90.0,0.0,0.0,0.0,0.0,0.0,0.0,0.0,0.37666666666666665
0.0,10.0,0.0,0.0,0.0,0.0,0.0,7.5,0.0,0.0,0.0,0.0,82.5,0.0,0.0,0.0,0.0,0.0,0.8078407
0.0,10.0,0.0,0.0,0.0,0.0,0.0,10.0,0.0,0.0,0.0,20.0,50.0,0.0,10.0,0.0,0.0,0.0,0.258
0.0,10.0,0.0,0.0,0.0,0.0,0.0,12.5,0.0,0.0,0.0,0.0,77.5,0.0,0.0,0.0,0.0,0.0,0.7350444
0.0,10.0,0.0,0.0,0.0,0.0,0.0,15.0,0.0,0.0,0.0,0.0,0.0,0.0,75.0,0.0,0.0,0.0,0.26666666666666666
0.0,10.0,0.0,0.0,0.0,0.0,0.0,17.5,0.0,0.0,0.0,0.0,72.5,0.0,0.0,0.0,0.0,0.0,0.5724220999999999
0.0,10.0,0.0,0.0,0.0,0.0,0.0,22.5,0.0,0.0,0.0,0.0,67.5,0.0,0.0,0.0,0.0,0.0,0.6212711
0.0,10.0,0.0,0.0,0.0,0.0,0.0,25.0,0.0,0.0,0.0,0.0,65.0,0.0,0.0,0.0,0.0,0.0,0.6170033
0.0,10.0,0.0,0.0,0.0,0.0,0.0,25.0,0.0,0.0,65.0,0.0,0.0,0.0,0.0,0.0,0.0,0.0,0.267
0.0,10.0,0.0,0.0,0.0,0.0,0.0,27.5,0.0,0.0,0.0,0.0,62.5,0.0,0.0,0.0,0.0,0.0,0.6312262
0.0,10.0,0.0,0.0,0.0,0.0,0.0,30.0,0.0,0.0,0.0,0.0,30.0,0.0,30.0,0.0,0.0,0.0,0.26
0.0,10.0,0.0,0.0,0.0,0.0,0.0,30.0,0.0,0.0,30.0,0.0,30.0,0.0,0.0,0.0,0.0,0.0,0.27399999999999997
0.0,10.0,0.0,0.0,0.0,0.0,0.0,32.5,0.0,0.0,0.0,0.0,57.5,0.0,0.0,0.0,0.0,0.0,0.5953969
0.0,10.0,0.0,0.0,0.0,0.0,0.0,35.0,0.0,0.0,0.0,0.0,55.0,0.0,0.0,0.0,0.0,0.0,0.3685449
0.0,10.0,0.0,0.0,0.0,0.0,0.0,40.0,0.0,0.0,50.0,0.0,0.0,0.0,0.0,0.0,0.0,0.0,0.251
0.0,10.48,0.0,0.0,0.0,0.0,0.0,0.0,0.0,0.0,0.0,0.0,89.51999999999998,0.0,0.0,0.0,0.0,0.0,0.32
0.0,11.3,0.0,0.0,0.0,0.0,0.0,0.0,0.0,0.0,88.7,0.0,0.0,0.0,0.0,0.0,0.0,0.0,0.375
0.0,12.0,0.0,0.0,0.0,0.0,0.0,23.3,0.0,0.0,64.7,0.0,0.0,0.0,0.0,0.0,0.0,0.0,0.212
0.0,12.0,0.0,0.0,0.0,0.0,0.0,33.0,0.0,0.0,0.0,0.0,55.0,0.0,0.0,0.0,0.0,0.0,0.27
0.0,12.896,0.0,0.0,0.0,0.0,0.0,0.0,0.0,0.0,41.934,0.0,0.0,0.0,0.0,45.18,0.0,0.0,0.337
0.0,13.0,0.0,0.0,0.0,0.0,0.0,0.0,0.0,0.0,0.0,0.0,87.0,0.0,0.0,0.0,0.0,0.0,0.32
0.0,13.5,0.0,0.0,0.0,0.0,0.0,0.0,0.0,0.0,86.5,0.0,0.0,0.0,0.0,0.0,0.0,0.0,0.365
0.0,14.5,0.0,0.0,0.0,0.0,0.0,0.0,0.0,0.0,0.0,0.0,85.5,0.0,0.0,0.0,0.0,0.0,0.327
0.0,15.0,0.0,0.0,0.0,0.0,0.0,0.0,0.0,0.0,0.0,0.0,85.0,0.0,0.0,0.0,0.0,0.0,0.302
0.0,15.0,0.0,0.0,0.0,0.0,0.0,15.0,0.0,0.0,0.0,0.0,70.0,0.0,0.0,0.0,0.0,0.0,0.29600000000000004
0.0,15.0,0.0,0.0,0.0,0.0,0.0,15.0,0.0,0.0,70.0,0.0,0.0,0.0,0.0,0.0,0.0,0.0,0.295
0.0,15.0,0.0,0.0,0.0,0.0,0.0,20.0,0.0,0.0,65.0,0.0,0.0,0.0,0.0,0.0,0.0,0.0,0.266
0.0,16.0,0.0,0.0,0.0,0.0,0.0,0.0,0.0,0.0,0.0,0.0,24.0,0.0,0.0,60.0,0.0,0.0,0.325
0.0,16.0,0.0,0.0,0.0,0.0,0.0,0.0,0.0,0.0,0.0,0.0,24.0,0.0,60.0,0.0,0.0,0.0,0.28
0.0,16.0,0.0,0.0,0.0,0.0,0.0,0.0,0.0,0.0,60.0,0.0,24.0,0.0,0.0,0.0,0.0,0.0,0.297
0.0,16.0,0.0,0.0,0.0,0.0,0.0,0.0,0.0,0.0,84.0,0.0,0.0,0.0,0.0,0.0,0.0,0.0,0.355
0.0,16.0,0.0,0.0,0.0,0.0,0.0,20.0,0.0,0.0,64.0,0.0,0.0,0.0,0.0,0.0,0.0,0.0,0.23149999999999998
0.0,16.408,0.0,0.0,0.0,0.0,0.0,0.0,0.0,0.0,44.272000000000006,0.0,0.0,0.0,0.0,39.32,0.0,0.0,0.324
0.0,16.7,0.0,0.0,0.0,0.0,0.0,0.0,0.0,0.0,0.0,0.0,83.3,0.0,0.0,0.0,0.0,0.0,0.314
0.0,16.919999999999998,0.0,0.0,0.0,0.0,0.0,0.0,0.0,0.0,0.0,0.0,44.61333333333333,0.0,0.0,38.46666666666667,0.0,0.0,0.31
0.0,17.5,0.0,0.0,0.0,0.0,0.0,17.5,0.0,0.0,65.0,0.0,0.0,0.0,0.0,0.0,0.0,0.0,0.263
0.0,18.168,0.0,0.0,0.0,0.0,0.0,0.0,0.0,0.0,45.442,0.0,0.0,0.0,0.0,36.39,0.0,0.0,0.317
0.0,20.0,0.0,0.0,0.0,0.0,0.0,0.0,0.0,0.0,0.0,0.0,46.66666666666667,0.0,0.0,33.333333333333336,0.0,0.0,0.31
0.0,20.0,0.0,0.0,0.0,0.0,0.0,0.0,0.0,0.0,0.0,0.0,50.0,0.0,0.0,30.0,0.0,0.0,0.31
0.0,20.0,0.0,0.0,0.0,0.0,0.0,0.0,0.0,0.0,0.0,0.0,80.0,0.0,0.0,0.0,0.0,0.0,0.31
0.0,20.0,0.0,0.0,0.0,0.0,0.0,0.0,0.0,0.0,80.0,0.0,0.0,0.0,0.0,0.0,0.0,0.0,0.3075
0.0,20.0,0.0,0.0,0.0,0.0,0.0,10.0,0.0,0.0,0.0,0.0,70.0,0.0,0.0,0.0,0.0,0.0,0.29433333333333334
0.0,20.0,0.0,0.0,0.0,0.0,0.0,15.0,0.0,0.0,65.0,0.0,0.0,0.0,0.0,0.0,0.0,0.0,0.289
0.0,20.0,0.0,0.0,0.0,0.0,0.0,16.7,0.0,0.0,63.3,0.0,0.0,0.0,0.0,0.0,0.0,0.0,0.23800000000000002
0.0,20.0,0.0,0.0,0.0,0.0,0.0,25.0,0.0,0.0,0.0,0.0,55.0,0.0,0.0,0.0,0.0,0.0,0.590106
0.0,20.0,0.0,0.0,0.0,0.0,0.0,33.0,0.0,0.0,0.0,0.0,47.0,0.0,0.0,0.0,0.0,0.0,0.5830569999999999
0.0,20.0,0.0,0.0,0.0,0.0,0.0,40.0,0.0,0.0,0.0,0.0,40.0,0.0,0.0,0.0,0.0,0.0,0.253
0.0,21.0,0.0,0.0,0.0,0.0,0.0,0.0,0.0,0.0,79.0,0.0,0.0,0.0,0.0,0.0,0.0,0.0,0.317
0.0,21.04,0.0,0.0,0.0,0.0,0.0,0.0,0.0,0.0,47.36,0.0,0.0,0.0,0.0,31.6,0.0,0.0,0.311
0.0,22.5,0.0,0.0,0.0,0.0,0.0,0.0,0.0,0.0,0.0,0.0,77.5,0.0,0.0,0.0,0.0,0.0,0.315
0.0,24.0,0.0,0.0,0.0,0.0,0.0,0.0,0.0,0.0,0.0,0.0,36.0,0.0,0.0,40.0,0.0,0.0,0.314
0.0,24.0,0.0,0.0,0.0,0.0,0.0,0.0,0.0,0.0,0.0,0.0,36.0,0.0,40.0,0.0,0.0,0.0,0.29600000000000004
0.0,24.0,0.0,0.0,0.0,0.0,0.0,0.0,0.0,0.0,40.0,0.0,36.0,0.0,0.0,0.0,0.0,0.0,0.295
0.0,24.0,0.0,0.0,0.0,0.0,0.0,13.0,0.0,0.0,63.0,0.0,0.0,0.0,0.0,0.0,0.0,0.0,0.25
0.0,24.0,0.0,0.0,0.0,0.0,0.0,13.3,0.0,0.0,62.7,0.0,0.0,0.0,0.0,0.0,0.0,0.0,0.23600000000000002
0.0,25.0,0.0,0.0,0.0,0.0,0.0,0.0,0.0,0.0,0.0,0.0,75.0,0.0,0.0,0.0,0.0,0.0,0.306
0.0,25.0,0.0,0.0,0.0,0.0,0.0,0.0,0.0,0.0,50.0,0.0,0.0,0.0,0.0,25.0,0.0,0.0,0.344
0.0,25.0,0.0,0.0,0.0,0.0,0.0,10.0,0.0,0.0,65.0,0.0,0.0,0.0,0.0,0.0,0.0,0.0,0.294
0.0,25.0,0.0,0.0,0.0,0.0,0.0,12.5,0.0,0.0,0.0,0.0,62.5,0.0,0.0,0.0,0.0,0.0,0.6566696
0.0,25.0,0.0,0.0,0.0,0.0,0.0,20.0,0.0,0.0,0.0,0.0,25.0,0.0,30.0,0.0,0.0,0.0,0.27
0.0,25.0,0.0,0.0,0.0,0.0,0.0,25.0,0.0,0.0,0.0,0.0,50.0,0.0,0.0,0.0,0.0,0.0,0.297
0.0,25.0,0.0,0.0,0.0,0.0,0.0,35.0,0.0,0.0,0.0,0.0,40.0,0.0,0.0,0.0,0.0,0.0,0.3
0.0,25.5,0.0,0.0,0.0,0.0,0.0,0.0,0.0,0.0,0.0,0.0,74.5,0.0,0.0,0.0,0.0,0.0,0.305
0.0,25.5,0.0,0.0,0.0,0.0,0.0,0.0,0.0,0.0,74.5,0.0,0.0,0.0,0.0,0.0,0.0,0.0,0.318
0.0,26.96,0.0,0.0,0.0,0.0,0.0,0.0,0.0,0.0,0.0,0.0,51.30666666666667,0.0,0.0,21.733333333333334,0.0,0.0,0.32
0.0,28.0,0.0,0.0,0.0,0.0,0.0,0.0,0.0,0.0,72.0,0.0,0.0,0.0,0.0,0.0,0.0,0.0,0.2895
0.0,28.0,0.0,0.0,0.0,0.0,0.0,10.0,0.0,0.0,62.0,0.0,0.0,0.0,0.0,0.0,0.0,0.0,0.271
0.0,28.156,0.0,0.0,0.0,0.0,0.0,0.0,0.0,0.0,52.104,0.0,0.0,0.0,0.0,19.74,0.0,0.0,0.309
0.0,28.17,0.0,0.0,0.0,0.0,0.0,0.0,0.0,0.0,52.11,0.0,0.0,0.0,0.0,19.72,0.0,0.0,0.337
0.0,28.5,0.0,0.0,0.0,0.0,0.0,0.0,0.0,0.0,0.0,0.0,71.5,0.0,0.0,0.0,0.0,0.0,0.312
0.0,28.57,0.0,0.0,0.0,0.0,0.0,0.0,0.0,0.0,0.0,0.0,71.43000000000002,0.0,0.0,0.0,0.0,0.0,0.297
0.0,28.7,0.0,0.0,0.0,0.0,0.0,0.0,0.0,0.0,71.3,0.0,0.0,0.0,0.0,0.0,0.0,0.0,0.318
0.0,30.0,0.0,0.0,0.0,0.0,0.0,0.0,0.0,0.0,0.0,0.0,50.0,0.0,20.0,0.0,0.0,0.0,0.28
0.0,30.0,0.0,0.0,0.0,0.0,0.0,0.0,0.0,0.0,0.0,0.0,70.0,0.0,0.0,0.0,0.0,0.0,0.292
0.0,30.0,0.0,0.0,0.0,0.0,0.0,5.0,0.0,0.0,65.0,0.0,0.0,0.0,0.0,0.0,0.0,0.0,0.298
0.0,30.0,0.0,0.0,0.0,0.0,0.0,20.0,0.0,0.0,0.0,0.0,50.0,0.0,0.0,0.0,0.0,0.0,0.2823333333333333
0.0,30.0,0.0,0.0,0.0,0.0,0.0,30.0,0.0,0.0,0.0,0.0,40.0,0.0,0.0,0.0,0.0,0.0,0.28800000000000003
0.0,30.919999999999998,0.0,0.0,0.0,0.0,0.0,0.0,0.0,0.0,0.0,0.0,53.94666666666666,0.0,0.0,15.133333333333333,0.0,0.0,0.33
0.0,31.0,0.0,0.0,0.0,0.0,0.0,0.0,0.0,0.0,0.0,0.0,69.0,0.0,0.0,0.0,0.0,0.0,0.314
0.0,31.06,0.0,0.0,0.0,0.0,0.0,0.0,0.0,0.0,54.04,0.0,0.0,0.0,0.0,14.91,0.0,0.0,0.324
0.0,31.82,0.0,0.0,0.0,0.0,0.0,13.64,0.0,0.0,0.0,0.0,54.54,0.0,0.0,0.0,0.0,0.0,0.3
0.0,32.0,0.0,0.0,0.0,0.0,0.0,0.0,0.0,0.0,0.0,0.0,48.0,0.0,0.0,20.0,0.0,0.0,0.304
0.0,32.0,0.0,0.0,0.0,0.0,0.0,0.0,0.0,0.0,0.0,0.0,48.0,0.0,20.0,0.0,0.0,0.0,0.295
0.0,32.0,0.0,0.0,0.0,0.0,0.0,0.0,0.0,0.0,0.0,0.0,65.0,3.0,0.0,0.0,0.0,0.0,0.32799999999999996
0.0,32.0,0.0,0.0,0.0,0.0,0.0,0.0,0.0,0.0,20.0,0.0,48.0,0.0,0.0,0.0,0.0,0.0,0.285
0.0,32.0,0.0,0.0,0.0,0.0,0.0,6.7,0.0,0.0,61.3,0.0,0.0,0.0,0.0,0.0,0.0,0.0,0.275
0.0,32.0,0.0,0.0,0.0,0.0,0.0,7.0,0.0,0.0,61.0,0.0,0.0,0.0,0.0,0.0,0.0,0.0,0.28
0.0,32.26,0.0,0.0,0.0,0.0,0.0,0.0,0.0,0.0,54.84,0.0,0.0,0.0,0.0,12.9,0.0,0.0,0.317
0.0,33.0,0.0,0.0,0.0,0.0,0.0,0.0,0.0,0.0,0.0,0.0,65.0,2.0,0.0,0.0,0.0,0.0,0.319
0.0,33.0,0.0,0.0,0.0,0.0,0.0,0.0,0.0,0.0,67.0,0.0,0.0,0.0,0.0,0.0,0.0,0.0,0.314
0.0,33.3,0.0,0.0,0.0,0.0,0.0,0.0,0.0,0.0,0.0,0.0,50.0,0.0,0.0,16.7,0.0,0.0,0.32
0.0,33.33,0.0,0.0,0.0,0.0,0.0,33.33,0.0,0.0,0.0,0.0,0.0,0.0,33.33,0.0,0.0,0.0,0.26
0.0,33.33,0.0,0.0,0.0,0.0,0.0,33.33,0.0,0.0,0.0,0.0,16.67,0.0,16.67,0.0,0.0,0.0,0.253
0.0,33.5,0.0,0.0,0.0,0.0,0.0,0.0,0.0,0.0,0.0,0.0,66.5,0.0,0.0,0.0,0.0,0.0,0.305
0.0,33.9,0.0,0.0,0.0,0.0,0.0,0.0,0.0,0.0,55.93,0.0,0.0,0.0,0.0,10.17,0.0,0.0,0.311
0.0,34.0,0.0,0.0,0.0,0.0,0.0,0.0,0.0,0.0,0.0,0.0,65.0,1.0,0.0,0.0,0.0,0.0,0.335
0.0,35.0,0.0,0.0,0.0,0.0,0.0,0.0,0.0,0.0,0.0,0.0,65.0,0.0,0.0,0.0,0.0,0.0,0.3
0.0,35.0,0.0,0.0,0.0,0.0,0.0,5.0,0.0,0.0,0.0,0.0,60.0,0.0,0.0,0.0,0.0,0.0,0.3
0.0,35.0,0.0,0.0,0.0,0.0,0.0,7.5,0.0,0.0,0.0,0.0,57.5,0.0,0.0,0.0,0.0,0.0,0.7134919
0.0,35.239999999999995,0.0,0.0,0.0,0.0,0.0,0.0,0.0,0.0,0.0,0.0,56.82666666666666,0.0,0.0,7.933333333333334,0.0,0.0,0.31
0.0,35.69,0.0,0.0,0.0,0.0,0.0,0.0,0.0,0.0,0.0,0.0,64.31,0.0,0.0,0.0,0.0,0.0,0.2931034
0.0,36.0,0.0,0.0,0.0,0.0,0.0,0.0,0.0,0.0,0.0,0.0,27.0,0.0,27.0,9.99,0.0,0.0,0.3
0.0,36.0,0.0,0.0,0.0,0.0,0.0,3.3,0.0,0.0,60.7,0.0,0.0,0.0,0.0,0.0,0.0,0.0,0.28600000000000003
0.0,36.9,0.0,0.0,0.0,0.0,0.0,0.0,0.0,0.0,57.93,0.0,0.0,0.0,0.0,5.17,0.0,0.0,0.309
0.0,37.0,0.0,0.0,0.0,0.0,0.0,0.0,0.0,0.0,0.0,0.0,60.0,3.0,0.0,0.0,0.0,0.0,0.315
0.0,37.0,0.0,0.0,0.0,0.0,0.0,0.0,0.0,0.0,0.0,0.0,63.0,0.0,0.0,0.0,0.0,0.0,0.306
0.0,37.2,0.0,0.0,0.0,0.0,0.0,0.0,0.0,0.0,0.0,0.0,27.9,0.0,27.9,6.99,0.0,0.0,0.3
0.0,38.0,0.0,0.0,0.0,0.0,0.0,0.0,0.0,0.0,0.0,0.0,60.0,2.0,0.0,0.0,0.0,0.0,0.319
0.0,38.0,0.0,0.0,0.0,0.0,0.0,0.0,0.0,0.0,0.0,0.0,62.0,0.0,0.0,0.0,0.0,0.0,0.27899999999999997
0.0,38.83,0.0,0.0,0.0,0.0,0.0,0.0,0.0,0.0,0.0,0.0,29.13,0.0,29.13,2.91,0.0,0.0,0.29
0.0,39.0,0.0,0.0,0.0,0.0,0.0,0.0,0.0,0.0,0.0,0.0,58.0,3.0,0.0,0.0,0.0,0.0,0.34600000000000003
0.0,39.0,0.0,0.0,0.0,0.0,0.0,0.0,0.0,0.0,0.0,0.0,60.0,1.0,0.0,0.0,0.0,0.0,0.314
0.0,39.06,0.0,0.0,0.0,0.0,2.34,0.0,0.0,0.0,0.0,0.0,14.65,0.0,43.95,0.0,0.0,0.0,0.28
0.0,39.06,0.0,0.0,0.0,0.0,2.34,0.0,0.0,0.0,0.0,0.0,43.95,0.0,14.65,0.0,0.0,0.0,0.29
0.0,39.06,0.0,0.0,0.0,0.0,2.34,0.0,0.0,0.0,0.0,0.0,58.59,0.0,0.0,0.0,0.0,0.0,0.29
0.0,39.2,0.0,0.0,0.0,0.0,0.0,0.0,0.0,0.0,59.8,0.0,0.0,0.0,0.0,0.0,0.0,0.0,0.28600000000000003
0.0,39.44,0.0,0.0,0.0,0.0,0.0,0.0,0.0,0.0,59.96,0.0,0.0,0.0,0.0,0.0,0.0,0.0,0.282
0.0,39.53,0.0,0.0,0.0,0.0,1.19,0.0,0.0,0.0,0.0,0.0,29.64,0.0,29.64,0.0,0.0,0.0,0.28
0.0,39.6,0.0,0.0,0.0,0.0,0.0,0.0,0.0,0.0,0.0,0.0,29.7,0.0,29.7,0.0,0.0,0.0,0.29
0.0,39.6,0.0,0.0,0.0,0.0,0.0,0.0,0.0,0.0,0.0,0.0,29.7,0.0,29.7,0.99,0.0,0.0,0.29
0.0,39.68,0.0,0.0,0.0,0.0,0.79,0.0,0.0,0.0,0.0,0.0,29.76,0.0,29.76,0.0,0.0,0.0,0.24
0.0,39.76,0.0,0.0,0.0,0.0,0.0,0.0,0.0,0.0,59.84,0.0,0.0,0.0,0.0,0.0,0.0,0.0,0.27899999999999997
0.0,39.8,0.0,0.0,0.0,0.0,0.5,0.0,0.0,0.0,0.0,0.0,29.85,0.0,29.85,0.0,0.0,0.0,0.29
0.0,39.91,0.0,0.0,0.0,0.0,0.0,0.0,0.0,0.0,59.89,0.0,0.0,0.0,0.0,0.0,0.0,0.0,0.278
0.0,39.92,0.0,0.0,0.0,0.0,0.2,0.0,0.0,0.0,0.0,0.0,29.94,0.0,29.94,0.0,0.0,0.0,0.29
0.0,39.96,0.0,0.0,0.0,0.0,0.0,0.0,0.0,0.0,0.0,0.0,29.97,0.0,29.97,0.0,0.0,0.0,0.28500000000000003
0.0,39.96,0.0,0.0,0.0,0.0,0.0,0.0,0.0,0.0,0.0,0.0,29.97,0.0,29.97,0.1,0.0,0.0,0.28
0.0,39.96,0.0,0.0,0.0,0.0,0.1,0.0,0.0,0.0,0.0,0.0,29.97,0.0,29.97,0.0,0.0,0.0,0.29
0.0,40.0,0.0,0.0,0.0,0.0,0.0,0.0,0.0,0.0,0.0,0.0,0.0,0.0,60.0,0.0,0.0,0.0,0.198
0.0,40.0,0.0,0.0,0.0,0.0,0.0,0.0,0.0,0.0,0.0,0.0,30.0,0.0,30.0,0.0,0.0,0.0,0.29
0.0,40.0,0.0,0.0,0.0,0.0,0.0,0.0,0.0,0.0,0.0,0.0,50.0,0.0,0.0,10.0,0.0,0.0,0.32
0.0,40.0,0.0,0.0,0.0,0.0,0.0,0.0,0.0,0.0,0.0,0.0,56.0,4.0,0.0,0.0,0.0,0.0,0.322
0.0,40.0,0.0,0.0,0.0,0.0,0.0,0.0,0.0,0.0,0.0,0.0,58.0,2.0,0.0,0.0,0.0,0.0,0.317
0.0,40.0,0.0,0.0,0.0,0.0,0.0,0.0,0.0,0.0,0.0,0.0,59.0,1.0,0.0,0.0,0.0,0.0,0.317
0.0,40.0,0.0,0.0,0.0,0.0,0.0,0.0,0.0,0.0,15.0,0.0,45.0,0.0,0.0,0.0,0.0,0.0,0.21600000000000003
0.0,40.0,0.0,0.0,0.0,0.0,0.0,0.0,0.0,0.0,30.0,0.0,30.0,0.0,0.0,0.0,0.0,0.0,0.22
0.0,40.0,0.0,0.0,0.0,0.0,0.0,0.0,0.0,0.0,45.0,0.0,15.0,0.0,0.0,0.0,0.0,0.0,0.20199999999999999
0.0,40.0,0.0,0.0,0.0,0.0,0.0,0.0,0.0,0.0,59.4,0.0,0.0,0.0,0.0,0.0,0.0,0.0,0.276
0.0,40.0,0.0,0.0,0.0,0.0,0.0,0.0,0.0,0.0,60.0,0.0,0.0,0.0,0.0,0.0,0.0,0.0,0.2926833333333333
0.0,40.0,0.0,0.0,0.0,0.0,0.0,10.0,0.0,0.0,0.0,0.0,50.0,0.0,0.0,0.0,0.0,0.0,0.292
0.0,40.0,0.0,0.0,0.0,0.0,0.0,20.0,0.0,0.0,0.0,0.0,40.0,0.0,0.0,0.0,0.0,0.0,0.28300000000000003
0.0,40.0,0.0,0.0,0.0,0.0,0.0,30.0,0.0,0.0,0.0,0.0,30.0,0.0,0.0,0.0,0.0,0.0,0.22
0.0,40.0,0.0,0.0,0.0,0.0,0.0,35.0,0.0,0.0,25.0,0.0,0.0,0.0,0.0,0.0,0.0,0.0,0.271
0.0,41.0,0.0,0.0,0.0,0.0,0.0,0.0,0.0,0.0,0.0,0.0,58.0,1.0,0.0,0.0,0.0,0.0,0.318
0.0,42.0,0.0,0.0,0.0,0.0,0.0,0.0,0.0,0.0,0.0,0.0,55.0,3.0,0.0,0.0,0.0,0.0,0.319
0.0,42.0,0.0,0.0,0.0,0.0,0.0,0.0,0.0,0.0,57.0,0.0,0.0,0.0,0.0,0.0,0.0,0.0,0.171
0.0,42.0,0.0,0.0,0.0,0.0,0.0,0.0,0.0,0.0,58.0,0.0,0.0,0.0,0.0,0.0,0.0,0.0,0.32799999999999996
0.0,43.0,0.0,0.0,0.0,0.0,0.0,0.0,0.0,0.0,0.0,0.0,55.0,2.0,0.0,0.0,0.0,0.0,0.315
0.0,43.5,0.0,0.0,0.0,0.0,0.0,0.0,0.0,0.0,0.0,0.0,56.5,0.0,0.0,0.0,0.0,0.0,0.285
0.0,44.0,0.0,0.0,0.0,0.0,0.0,0.0,0.0,0.0,0.0,0.0,55.0,1.0,0.0,0.0,0.0,0.0,0.32299999999999995
0.0,44.0,0.0,0.0,0.0,0.0,0.0,0.0,0.0,0.0,56.0,0.0,0.0,0.0,0.0,0.0,0.0,0.0,0.304
0.0,44.25,0.0,0.0,0.0,0.0,3.1,0.0,0.0,0.0,0.0,0.0,33.19,0.0,19.47,0.0,0.0,0.0,0.28
0.0,44.44,0.0,0.0,0.0,0.0,2.67,0.0,0.0,0.0,0.0,0.0,33.33,0.0,19.56,0.0,0.0,0.0,0.28
0.0,44.74,0.0,0.0,0.0,0.0,2.01,0.0,0.0,0.0,0.0,0.0,33.56,0.0,19.69,0.0,0.0,0.0,0.31
0.0,45.0,0.0,0.0,0.0,0.0,0.0,0.0,0.0,0.0,0.0,0.0,0.0,0.0,55.0,0.0,0.0,0.0,0.22399999999999998
0.0,45.0,0.0,0.0,0.0,0.0,0.0,0.0,0.0,0.0,0.0,0.0,50.0,0.0,0.0,5.0,0.0,0.0,0.3
0.0,45.0,0.0,0.0,0.0,0.0,0.0,0.0,0.0,0.0,0.0,0.0,52.0,3.0,0.0,0.0,0.0,0.0,0.318
0.0,45.0,0.0,0.0,0.0,0.0,0.0,0.0,0.0,0.0,0.0,0.0,53.0,2.0,0.0,0.0,0.0,0.0,0.319
0.0,45.0,0.0,0.0,0.0,0.0,0.0,0.0,0.0,0.0,0.0,0.0,54.0,1.0,0.0,0.0,0.0,0.0,0.32299999999999995
0.0,45.0,0.0,0.0,0.0,0.0,0.0,0.0,0.0,0.0,0.0,0.0,55.0,0.0,0.0,0.0,0.0,0.0,0.293
0.0,45.0,0.0,0.0,0.0,0.0,0.0,5.0,0.0,0.0,0.0,0.0,50.0,0.0,0.0,0.0,0.0,0.0,0.302
0.0,45.35,0.0,0.0,0.0,0.0,0.68,0.0,0.0,0.0,0.0,0.0,34.01,0.0,19.95,0.0,0.0,0.0,0.29
0.0,45.66,0.0,0.0,0.0,0.0,0.0,0.0,0.0,0.0,0.0,0.0,34.25,0.0,20.09,0.0,0.0,0.0,0.29
0.0,47.0,0.0,0.0,0.0,0.0,0.0,0.0,0.0,0.0,0.0,0.0,53.0,0.0,0.0,0.0,0.0,0.0,0.32
0.0,48.5,0.0,0.0,0.0,0.0,0.0,0.0,0.0,0.0,0.0,0.0,51.5,0.0,0.0,0.0,0.0,0.0,0.31
0.0,50.0,0.0,0.0,0.0,0.0,0.0,0.0,0.0,0.0,0.0,0.0,47.0,3.0,0.0,0.0,0.0,0.0,0.32299999999999995
0.0,50.0,0.0,0.0,0.0,0.0,0.0,0.0,0.0,0.0,0.0,0.0,48.0,2.0,0.0,0.0,0.0,0.0,0.325
0.0,50.0,0.0,0.0,0.0,0.0,0.0,0.0,0.0,0.0,0.0,0.0,49.0,1.0,0.0,0.0,0.0,0.0,0.32299999999999995
0.0,50.0,0.0,0.0,0.0,0.0,0.0,0.0,0.0,0.0,0.0,0.0,50.0,0.0,0.0,0.0,0.0,0.0,0.305
0.0,50.0,0.0,0.0,0.0,0.0,0.0,10.0,0.0,0.0,0.0,0.0,40.0,0.0,0.0,0.0,0.0,0.0,0.29
0.0,50.0,0.0,0.0,0.0,0.0,50.0,0.0,0.0,0.0,0.0,0.0,0.0,0.0,0.0,0.0,0.0,0.0,0.28
0.0,50.75,0.0,0.0,0.0,0.0,0.0,0.0,0.0,0.0,0.0,0.0,49.25,0.0,0.0,0.0,0.0,0.0,0.319
0.0,51.5,0.0,0.0,0.0,0.0,0.0,0.0,0.0,0.0,0.0,0.0,48.5,0.0,0.0,0.0,0.0,0.0,0.322
0.0,53.0,0.0,0.0,0.0,0.0,0.0,0.0,0.0,0.0,0.0,0.0,47.0,0.0,0.0,0.0,0.0,0.0,0.324
0.0,53.75,0.0,0.0,0.0,0.0,0.0,0.0,0.0,0.0,0.0,0.0,46.25,0.0,0.0,0.0,0.0,0.0,0.317
0.0,55.0,0.0,0.0,0.0,0.0,0.0,0.0,0.0,0.0,0.0,0.0,0.0,0.0,45.0,0.0,0.0,0.0,0.221
0.0,55.0,0.0,0.0,0.0,0.0,0.0,0.0,0.0,0.0,0.0,0.0,45.0,0.0,0.0,0.0,0.0,0.0,0.326
0.0,65.0,0.0,0.0,0.0,0.0,0.0,0.0,0.0,0.0,0.0,0.0,0.0,0.0,35.0,0.0,0.0,0.0,0.225
7.0,0.0,0.0,0.0,46.0,0.0,0.0,0.0,0.0,0.0,0.0,0.0,0.0,0.0,0.0,0.0,0.0,46.0,0.377
7.0,0.0,0.0,0.0,46.0,0.0,0.0,0.0,0.0,0.0,0.0,0.0,0.0,0.0,0.0,0.0,3.0,44.0,0.37
7.0,0.0,0.0,0.0,46.0,0.0,0.0,0.0,0.0,0.0,0.0,0.0,0.0,0.0,0.0,0.0,5.0,42.0,0.364
7.9,0.0,0.0,0.0,15.8,0.0,0.0,0.0,12.8,0.0,0.0,0.0,0.0,2.5,0.0,0.0,0.0,61.0,0.3671
7.9,0.0,0.0,0.0,16.3,0.0,0.0,0.0,12.8,0.0,0.0,0.0,0.0,2.0,0.0,0.0,0.0,61.0,0.3632
7.9,0.0,0.0,0.0,16.8,0.0,0.0,0.0,12.8,0.0,0.0,0.0,0.0,1.5,0.0,0.0,0.0,61.0,0.3615
7.9,0.0,0.0,0.0,17.3,0.0,0.0,0.0,12.8,0.0,0.0,0.0,0.0,1.0,0.0,0.0,0.0,61.0,0.3741
7.9,0.0,0.0,0.0,17.8,0.0,0.0,0.0,12.8,0.0,0.0,0.0,0.0,0.5,0.0,0.0,0.0,61.0,0.3703
7.9,0.0,0.0,0.0,18.3,0.0,0.0,0.0,12.8,0.0,0.0,0.0,0.0,0.0,0.0,0.0,0.0,61.0,0.3699
8.0,0.0,0.0,0.0,46.0,0.0,0.0,0.0,0.0,0.0,0.0,0.0,0.0,0.0,0.0,0.0,0.0,46.0,0.366
9.8,0.0,0.0,0.0,29.4,0.0,0.0,0.0,4.9,0.0,0.0,0.0,0.0,0.0,0.0,0.0,2.0,53.9,0.371
9.9,0.0,0.0,0.0,29.7,0.0,0.0,0.0,4.95,0.0,0.0,0.0,0.0,0.0,0.0,0.0,1.0,54.45,0.371
9.95,0.0,0.0,0.0,29.85,0.0,0.0,0.0,4.97,0.0,0.0,0.0,0.0,0.0,0.0,0.0,0.5,54.73,0.371
10.0,0.0,0.0,0.0,15.0,0.0,0.0,0.0,10.0,0.0,0.0,0.0,0.0,0.0,0.0,0.0,0.0,65.0,0.36850000000000005
10.0,0.0,0.0,0.0,15.75,0.0,0.0,0.0,10.12,0.0,0.0,0.0,0.0,0.0,0.0,0.0,0.0,64.13,0.377
10.0,0.0,0.0,0.0,18.0,0.0,0.0,0.0,10.12,0.0,0.0,0.0,0.0,0.0,0.0,0.0,0.0,61.88,0.377
10.0,0.0,0.0,0.0,25.0,0.0,0.0,0.0,10.0,0.0,0.0,0.0,0.0,0.0,0.0,0.0,0.0,55.0,0.33
10.0,0.0,0.0,0.0,30.0,0.0,0.0,0.0,5.0,0.0,0.0,0.0,0.0,0.0,0.0,0.0,0.0,55.0,0.365
10.0,0.0,0.0,0.0,30.0,0.0,0.0,0.0,10.0,0.0,0.0,0.0,0.0,0.0,0.0,0.0,0.0,50.0,0.37
10.0,0.0,0.0,0.0,40.0,0.0,0.0,0.0,0.0,0.0,0.0,0.0,0.0,0.0,0.0,0.0,0.0,50.0,0.371
19.0,0.0,0.0,19.0,7.0,0.0,0.0,0.0,0.0,0.0,0.0,0.0,0.0,0.0,0.0,0.0,0.0,55.0,0.377
